
#
#Feature symbol names
#
$0 r5
$1 r10

#
#Layer features
#
A 6.1690551000 3.37 6.0509449 3.37 6.11 3.37 0 P 10 N
L 6.0509449 3.37 6.0509449 3.37 0 P 10
A 6.0509449 3.37 6.1690551000 3.37 6.11 3.37 0 P 10 N
A 6.1790551 2.015 6.0609449000 2.015 6.12 2.015 0 P 10 N
L 6.0609449000 2.015 6.0609449000 2.015 0 P 10
A 6.0609449000 2.015 6.1790551 2.015 6.12 2.015 0 P 10 N
A 6.7940000000 3.0780000000 6.5180000000 3.0780000000 6.6560000000 3.0780000000 1 P 11 N
L 6.5180000000 3.0780000000 6.5180000000 3.0780000000 1 P 11
A 6.5180000000 3.0780000000 6.7940000000 3.0780000000 6.6560000000 3.0780000000 1 P 11 N
A 6.8389358000 3.3285424000 6.8408442 2.8288622 6.6560000105 3.0779999795 1 P 11 N
A 7.15 1.6 7.25 1.5 7.25 1.6 1 P 11 N
A 7.25 3.4000000000 7.15 3.3000000000 7.25 3.3000000000 1 P 11 N
A 7.3091000000 1.6 7.1909 1.6 7.25 1.6 1 P 11 N
L 7.1909 1.6 7.1909 1.6 1 P 11
A 7.1909 1.6 7.3091000000 1.6 7.25 1.6 1 P 11 N
A 7.3091000000 3.3000000000 7.1909 3.3000000000 7.25 3.3000000000 1 P 11 N
L 7.1909 3.3000000000 7.1909 3.3000000000 1 P 11
A 7.1909 3.3000000000 7.3091000000 3.3000000000 7.25 3.3000000000 1 P 11 N
A 7.8100000000 1.4200000000 7.8100000000 1.29 7.705 1.3550000000 1 P 11 N
A 8.15 1.5 8.25 1.6 8.15 1.6 1 P 11 N
A 8.2091000000 1.6 8.0909 1.6 8.15 1.6 1 P 11 N
L 8.0909 1.6 8.0909 1.6 1 P 11
A 8.0909 1.6 8.2091000000 1.6 8.15 1.6 1 P 11 N
A 8.2091000000 3.3000000000 8.0909 3.3000000000 8.15 3.3000000000 1 P 11 N
L 8.0909 3.3000000000 8.0909 3.3000000000 1 P 11
A 8.0909 3.3000000000 8.2091000000 3.3000000000 8.15 3.3000000000 1 P 11 N
A 8.25 3.3000000000 8.15 3.4000000000 8.15 3.3000000000 1 P 11 N
A 8.4750000000 2.395 8.4750000000 2.595 8.4750000000 2.495 1 P 11 N
A 8.49 2.75 8.49 2.95 8.49 2.85 1 P 11 N
A 9.105 2.83 8.6350000000 2.83 8.8700000000 2.83 1 P 11 N
L 8.6350000000 2.83 8.6350000000 2.83 1 P 11
A 8.6350000000 2.83 9.105 2.83 8.8700000000 2.83 1 P 11 N
A 9.1640551 3.375 9.0459449000 3.375 9.105 3.375 0 P 10 N
L 9.0459449000 3.375 9.0459449000 3.375 0 P 10
A 9.0459449000 3.375 9.1640551 3.375 9.105 3.375 0 P 10 N
L 6.075 1.425 6.075 1.725 1 P 11
L 6.075 1.425 6.1750000000 1.425 1 P 11
L 6.075 1.725 6.1750000000 1.725 1 P 11
L 6.08 1.2300000000 6.08 1.33 0 P 10
L 6.08 1.2300000000 6.28 1.2300000000 0 P 10
L 6.08 1.33 6.28 1.33 0 P 10
L 6.08 1.76 6.08 1.7899903000 1 P 11
L 6.08 1.7899903000 6.1199871 1.7899903000 1 P 11
L 6.08 1.8199806 6.08 1.76 1 P 11
L 6.0900000000 1.3449968 6.0999968 1.3350000000 1 P 11
L 6.0900000000 1.3849838 6.0900000000 1.3449968 1 P 11
L 6.0999968 1.3350000000 6.1199903 1.3350000000 1 P 11
L 6.0999968 1.3949806 6.0900000000 1.3849838 1 P 11
L 6.1199871 1.7899903000 6.1199871 1.8199806 1 P 11
L 6.1199871 1.8199806 6.1199871 1.76 1 P 11
L 6.1199903 1.3350000000 6.1299871 1.3449968 1 P 11
L 6.1199903 1.3949806 6.0999968 1.3949806 1 P 11
L 6.1299871 1.3849838 6.1199903 1.3949806 1 P 11
L 6.1399806 1.7699968000 6.1399806 1.76 1 P 11
L 6.1399806 1.8199806 6.1799677 1.8199806 1 P 11
L 6.1499806 1.3449968 6.1599774000 1.3350000000 1 P 11
L 6.1499806 1.3649903 6.1499806 1.3449968 1 P 11
L 6.1599774000 1.3350000000 6.1799709000 1.3350000000 1 P 11
L 6.1699741 1.3849838 6.1499806 1.3649903 1 P 11
L 6.1750000000 1.425 6.1750000000 1.725 1 P 11
L 6.1799677 1.8099838000 6.1399806 1.7699968000 1 P 11
L 6.1799677 1.8199806 6.1799677 1.8099838000 1 P 11
L 6.1799709000 1.3350000000 6.1899677 1.3449968 1 P 11
L 6.1799709000 1.3649903 6.1499806 1.3649903 1 P 11
L 6.1899677 1.3449968 6.1899677 1.3549935000 1 P 11
L 6.1899677 1.3549935000 6.1799709000 1.3649903 1 P 11
L 6.1899677 1.3949806 6.1699741 1.3849838 1 P 11
L 6.2150000000 1.4800000000 6.2150000000 1.7000000000 1 P 11
L 6.2150000000 1.4800000000 6.2950000000 1.4800000000 1 P 11
L 6.2150000000 1.7000000000 6.2950000000 1.7000000000 1 P 11
L 6.2250194000 1.54 6.2250194000 1.5699903000 1 P 11
L 6.2250194000 1.5699903000 6.2350162000 1.5799871 1 P 11
L 6.2250194000 1.6099774 6.2250194000 1.6299709 1 P 11
L 6.2250194000 1.6299709 6.2350162000 1.6399677000 1 P 11
L 6.2350162000 1.5799871 6.2550097000 1.5799871 1 P 11
L 6.2350162000 1.5999806 6.2250194000 1.6099774 1 P 11
L 6.2350162000 1.6399677000 6.2450129000 1.6399677000 1 P 11
L 6.2450129000 1.5999806 6.2350162000 1.5999806 1 P 11
L 6.2450129000 1.6399677000 6.2550097000 1.6299709 1 P 11
L 6.2550000000 1.4500000000 6.2550000000 1.4800000000 1 P 11
L 6.2550000000 1.7000000000 6.2550000000 1.7300000000 1 P 11
L 6.2550097000 1.5799871 6.2650065 1.5699903000 1 P 11
L 6.2550097000 1.6099774 6.2450129000 1.5999806 1 P 11
L 6.2550097000 1.6099774 6.2550097000 1.6299709 1 P 11
L 6.2550097000 1.6299709 6.2650065 1.6399677000 1 P 11
L 6.2650065 1.5599935 6.285 1.5799871 1 P 11
L 6.2650065 1.5699903000 6.2650065 1.54 1 P 11
L 6.2650065 1.5999806 6.2550097000 1.6099774 1 P 11
L 6.2650065 1.6399677000 6.2750032000 1.6399677000 1 P 11
L 6.2750032000 1.5999806 6.2650065 1.5999806 1 P 11
L 6.2750032000 1.6399677000 6.285 1.6299709 1 P 11
L 6.28 1.2300000000 6.28 1.33 0 P 10
L 6.285 1.54 6.2250194000 1.54 1 P 11
L 6.285 1.6099774 6.2750032000 1.5999806 1 P 11
L 6.285 1.6299709 6.285 1.6099774 1 P 11
L 6.2950000000 1.4800000000 6.2950000000 1.7000000000 1 P 11
L 6.3400000000 1.2300000000 6.3400000000 1.33 0 P 10
L 6.3400000000 1.2300000000 6.54 1.2300000000 0 P 10
L 6.3400000000 1.33 6.54 1.33 0 P 10
L 6.3400000000 1.425 6.3400000000 1.725 1 P 11
L 6.3400000000 1.425 6.44 1.425 1 P 11
L 6.3400000000 1.725 6.44 1.725 1 P 11
L 6.3450000000 1.3449968 6.3549968 1.3350000000 1 P 11
L 6.3450000000 1.3849838 6.3450000000 1.3449968 1 P 11
L 6.3450000000 1.76 6.3450000000 1.7899903000 1 P 11
L 6.3450000000 1.7899903000 6.3849871 1.7899903000 1 P 11
L 6.3450000000 1.8199806 6.3450000000 1.76 1 P 11
L 6.3549968 1.3350000000 6.3749903 1.3350000000 1 P 11
L 6.3549968 1.3949806 6.3450000000 1.3849838 1 P 11
L 6.3600194000 2.77 6.3600194000 2.7999903 1 P 11
L 6.3600194000 2.7999903 6.3700162 2.8099871000 1 P 11
L 6.3600194000 2.8399774000 6.3700162 2.8299806000 1 P 11
L 6.3700162 2.8099871000 6.3900097 2.8099871000 1 P 11
L 6.3749903 1.3350000000 6.3849871 1.3449968 1 P 11
L 6.3749903 1.3949806 6.3549968 1.3949806 1 P 11
L 6.375 1.985 6.375 2.185 0 P 10
L 6.375 1.985 6.4750000000 1.985 0 P 10
L 6.375 2.185 6.4750000000 2.185 0 P 10
L 6.3770291000 1.8920194000 6.4070194 1.9220097 1 P 11
L 6.3770291000 1.9520000000 6.3770291000 1.8920194000 1 P 11
L 6.3849871 1.3849838 6.3749903 1.3949806 1 P 11
L 6.3849871 1.7899903000 6.3849871 1.8199806 1 P 11
L 6.3849871 1.8199806 6.3849871 1.76 1 P 11
L 6.3900097 2.8099871000 6.4000065000 2.7999903 1 P 11
L 6.4 2.37 6.4 2.5900000000 1 P 11
L 6.4 2.37 6.48 2.37 1 P 11
L 6.4 2.5900000000 6.48 2.5900000000 1 P 11
L 6.4000065000 2.7999903 6.4000065000 2.77 1 P 11
L 6.4049806 1.3449968 6.4049806 1.3350000000 1 P 11
L 6.4049806 1.3949806 6.4449677 1.3949806 1 P 11
L 6.4049806 1.7699968000 6.4049806 1.7799935 1 P 11
L 6.4049806 1.7799935 6.4149774000 1.7899903000 1 P 11
L 6.4049806 1.7999871 6.4049806 1.8099838000 1 P 11
L 6.4049806 1.8099838000 6.4149774000 1.8199806 1 P 11
L 6.4050194000 2.43 6.4050194000 2.4599903000 1 P 11
L 6.4050194000 2.4599903000 6.4150162 2.4699871000 1 P 11
L 6.4050194000 2.4999774 6.4050194000 2.5199709 1 P 11
L 6.4050194000 2.5199709 6.4150162 2.5299677000 1 P 11
L 6.4070194 1.9220097 6.3670323000 1.9220097 1 P 11
L 6.4149774000 1.76 6.4049806 1.7699968000 1 P 11
L 6.4149774000 1.7899903000 6.4049806 1.7999871 1 P 11
L 6.4149774000 1.7899903000 6.4349709000 1.7899903000 1 P 11
L 6.4149774000 1.8199806 6.4349709000 1.8199806 1 P 11
L 6.4150162 2.4699871000 6.4350097 2.4699871000 1 P 11
L 6.4150162 2.4899806000 6.4050194000 2.4999774 1 P 11
L 6.4150162 2.5299677000 6.4250129000 2.5299677000 1 P 11
L 6.4200000000 2.77 6.3600194000 2.77 1 P 11
L 6.4200000000 2.8299806000 6.4200000000 2.8499741000 1 P 11
L 6.4200000000 2.8399774000 6.3600194000 2.8399774000 1 P 11
L 6.4200000000 2.8499741000 6.4200000000 2.8399774000 1 P 11
L 6.4250129000 2.5299677000 6.4350097 2.5199709 1 P 11
L 6.4270129 1.9020162 6.4370097000 1.8920194000 1 P 11
L 6.4349709000 1.76 6.4149774000 1.76 1 P 11
L 6.4349709000 1.7899903000 6.4449677 1.7799935 1 P 11
L 6.4349709000 1.8199806 6.4449677 1.8099838000 1 P 11
L 6.4350097 2.4699871000 6.4450065000 2.4599903000 1 P 11
L 6.4350097 2.5099741000 6.4350097 2.5199709 1 P 11
L 6.4350097 2.5199709 6.4350097 2.5099741000 1 P 11
L 6.4350097 2.5199709 6.4450065000 2.5299677000 1 P 11
L 6.4370097000 1.8920194000 6.4570032000 1.8920194000 1 P 11
L 6.4370097000 1.9520000000 6.4270129 1.9420032 1 P 11
L 6.44 1.425 6.44 1.725 1 P 11
L 6.44 2.3400000000 6.44 2.37 1 P 11
L 6.44 2.5900000000 6.44 2.62 1 P 11
L 6.4449677 1.3849838 6.4049806 1.3449968 1 P 11
L 6.4449677 1.3949806 6.4449677 1.3849838 1 P 11
L 6.4449677 1.7699968000 6.4349709000 1.76 1 P 11
L 6.4449677 1.7799935 6.4449677 1.7699968000 1 P 11
L 6.4449677 1.7999871 6.4349709000 1.7899903000 1 P 11
L 6.4449677 1.8099838000 6.4449677 1.7999871 1 P 11
L 6.4450065000 2.4499935 6.4650000000 2.4699871000 1 P 11
L 6.4450065000 2.4599903000 6.4450065000 2.43 1 P 11
L 6.4450065000 2.5299677000 6.4550032 2.5299677000 1 P 11
L 6.4550032 2.5299677000 6.4650000000 2.5199709 1 P 11
L 6.4570032000 1.8920194000 6.4670000000 1.9020162 1 P 11
L 6.4570032000 1.9520000000 6.4370097000 1.9520000000 1 P 11
L 6.4650000000 2.43 6.4050194000 2.43 1 P 11
L 6.4650000000 2.4999774 6.4550032 2.4899806000 1 P 11
L 6.4650000000 2.5199709 6.4650000000 2.4999774 1 P 11
L 6.4670000000 1.9020162 6.4670000000 1.9420032 1 P 11
L 6.4670000000 1.9420032 6.4570032000 1.9520000000 1 P 11
L 6.4750000000 1.985 6.4750000000 2.185 0 P 10
L 6.48 2.37 6.48 2.5900000000 1 P 11
L 6.485 1.475 6.485 1.695 1 P 11
L 6.485 1.475 6.565 1.475 1 P 11
L 6.485 1.695 6.565 1.695 1 P 11
L 6.4880323 1.9020162 6.4880323 1.9120129000 1 P 11
L 6.4880323 1.9120129000 6.4980291 1.9220097 1 P 11
L 6.4880323 1.9320065000 6.4880323 1.9420032 1 P 11
L 6.4880323 1.9420032 6.4980291 1.9520000000 1 P 11
L 6.495 1.985 6.495 2.185 0 P 10
L 6.495 1.985 6.5950000000 1.985 0 P 10
L 6.495 2.185 6.5950000000 2.185 0 P 10
L 6.4950194 1.5350000000 6.4950194 1.5649903 1 P 11
L 6.4950194 1.5649903 6.5050162 1.5749871000 1 P 11
L 6.4950194 1.6049774 6.5050162 1.5949806000 1 P 11
L 6.4950194 1.6249709 6.4950194 1.6049774 1 P 11
L 6.4980291 1.8920194000 6.4880323 1.9020162 1 P 11
L 6.4980291 1.9220097 6.4880323 1.9320065000 1 P 11
L 6.4980291 1.9220097 6.5080259000 1.9220097 1 P 11
L 6.4980291 1.9520000000 6.5180226 1.9520000000 1 P 11
L 6.5050000000 2.37 6.5050000000 2.5900000000 1 P 11
L 6.5050000000 2.37 6.5850000000 2.37 1 P 11
L 6.5050000000 2.5900000000 6.5850000000 2.5900000000 1 P 11
L 6.5050162 1.5749871000 6.5250097 1.5749871000 1 P 11
L 6.5050162 1.5949806000 6.5150129 1.5949806000 1 P 11
L 6.5050162 1.6349677 6.4950194 1.6249709 1 P 11
L 6.5080259000 1.9220097 6.4980291 1.9220097 1 P 11
L 6.5150129 1.5949806000 6.5250097 1.6049774 1 P 11
L 6.5150194000 2.4250000000 6.5150194000 2.4549903000 1 P 11
L 6.5150194000 2.4549903000 6.5250162000 2.4649871 1 P 11
L 6.5150194000 2.5149709000 6.5450097000 2.4849806 1 P 11
L 6.5180226 1.8920194000 6.4980291 1.8920194000 1 P 11
L 6.5180226 1.9520000000 6.5280194000 1.9420032 1 P 11
L 6.525 1.445 6.525 1.475 1 P 11
L 6.525 1.695 6.525 1.725 1 P 11
L 6.5250097 1.5749871000 6.5350065000 1.5649903 1 P 11
L 6.5250097 1.6049774 6.5250097 1.6349677 1 P 11
L 6.5250162000 2.4649871 6.5450097000 2.4649871 1 P 11
L 6.5280194000 1.9020162 6.5180226 1.8920194000 1 P 11
L 6.5350065000 1.5549935000 6.5550000000 1.5749871000 1 P 11
L 6.5350065000 1.5649903 6.5350065000 1.5350000000 1 P 11
L 6.54 1.2300000000 6.54 1.33 0 P 10
L 6.5450000000 2.3400000000 6.5450000000 2.37 1 P 11
L 6.5450000000 2.5900000000 6.5450000000 2.62 1 P 11
L 6.5450032 1.5949806000 6.5550000000 1.6049774 1 P 11
L 6.5450032 1.6349677 6.5050162 1.6349677 1 P 11
L 6.5450097000 2.4649871 6.5550065 2.4549903000 1 P 11
L 6.5450097000 2.4849806 6.5450097000 2.5249677000 1 P 11
L 6.5480129000 1.9020162 6.5580097 1.8920194000 1 P 11
L 6.5550000000 1.5350000000 6.4950194 1.5350000000 1 P 11
L 6.5550000000 1.6049774 6.5550000000 1.6249709 1 P 11
L 6.5550000000 1.6249709 6.5450032 1.6349677 1 P 11
L 6.5550065 2.4449935000 6.575 2.4649871 1 P 11
L 6.5550065 2.4549903000 6.5550065 2.4250000000 1 P 11
L 6.5580097 1.8920194000 6.5780032 1.8920194000 1 P 11
L 6.5580097 1.9520000000 6.5480129000 1.9420032 1 P 11
L 6.565 1.475 6.565 1.695 1 P 11
L 6.575 2.4250000000 6.5150194000 2.4250000000 1 P 11
L 6.575 2.5149709000 6.5150194000 2.5149709000 1 P 11
L 6.5780032 1.8920194000 6.588 1.9020162 1 P 11
L 6.5780032 1.9520000000 6.5580097 1.9520000000 1 P 11
L 6.5850000000 2.37 6.5850000000 2.5900000000 1 P 11
L 6.588 1.9020162 6.588 1.9420032 1 P 11
L 6.588 1.9420032 6.5780032 1.9520000000 1 P 11
L 6.5950000000 1.985 6.5950000000 2.185 0 P 10
L 6.6000000000 1.2300000000 6.6000000000 1.33 0 P 10
L 6.6000000000 1.2300000000 6.8000000000 1.2300000000 0 P 10
L 6.6000000000 1.33 6.8000000000 1.33 0 P 10
L 6.605 1.3449968 6.6149968 1.3350000000 1 P 11
L 6.605 1.3849838 6.605 1.3449968 1 P 11
L 6.605 1.425 6.605 1.725 1 P 11
L 6.605 1.425 6.705 1.425 1 P 11
L 6.605 1.725 6.705 1.725 1 P 11
L 6.61 1.76 6.61 1.7899903000 1 P 11
L 6.61 1.7899903000 6.6499871000 1.7899903000 1 P 11
L 6.61 1.8199806 6.61 1.76 1 P 11
L 6.6149968 1.3350000000 6.6349903 1.3350000000 1 P 11
L 6.6149968 1.3949806 6.605 1.3849838 1 P 11
L 6.6300000000 2.1300000000 6.6300000000 2.35 1 P 11
L 6.6300000000 2.1300000000 6.7100000000 2.1300000000 1 P 11
L 6.6300000000 2.35 6.7100000000 2.35 1 P 11
L 6.6349903 1.3350000000 6.6449871000 1.3449968 1 P 11
L 6.6349903 1.3949806 6.6149968 1.3949806 1 P 11
L 6.6350000000 2.5450000000 6.6350000000 2.745 0 P 10
L 6.6350000000 2.5450000000 6.735 2.5450000000 0 P 10
L 6.6350000000 2.745 6.735 2.745 0 P 10
L 6.6400194000 2.1900000000 6.6400194000 2.2199903 1 P 11
L 6.6400194000 2.2199903 6.6500162000 2.2299871 1 P 11
L 6.6400194000 2.2899677 6.6500162000 2.2699741 1 P 11
L 6.6430000000 2.7869968000 6.6529968 2.777 1 P 11
L 6.6430000000 2.8269838000 6.6430000000 2.7869968000 1 P 11
L 6.6449871000 1.3849838 6.6349903 1.3949806 1 P 11
L 6.6499871000 1.7899903000 6.6499871000 1.8199806 1 P 11
L 6.6499871000 1.8199806 6.6499871000 1.76 1 P 11
L 6.6500162000 2.2299871 6.6700097000 2.2299871 1 P 11
L 6.6500162000 2.2699741 6.6700097000 2.2499806 1 P 11
L 6.6529968 2.777 6.6729903 2.777 1 P 11
L 6.6529968 2.8369806000 6.6430000000 2.8269838000 1 P 11
L 6.6649806000 1.3449968 6.6649806000 1.3549935000 1 P 11
L 6.6649806000 1.3549935000 6.6749774 1.3649903 1 P 11
L 6.6649806000 1.3749871 6.6649806000 1.3849838 1 P 11
L 6.6649806000 1.3849838 6.6749774 1.3949806 1 P 11
L 6.6699806000 1.7699968000 6.6799774 1.76 1 P 11
L 6.6699806000 1.7999871 6.6799774 1.7899903000 1 P 11
L 6.6699806000 1.8099838000 6.6699806000 1.7999871 1 P 11
L 6.6700000000 2.1 6.6700000000 2.1300000000 1 P 11
L 6.6700000000 2.35 6.6700000000 2.3800000000 1 P 11
L 6.6700097000 2.2299871 6.6800065 2.2199903 1 P 11
L 6.6700097000 2.2499806 6.6900032000 2.2499806 1 P 11
L 6.6700097000 2.2799709000 6.6700097000 2.2499806 1 P 11
L 6.6729903 2.777 6.6829871 2.7869968000 1 P 11
L 6.6729903 2.8369806000 6.6529968 2.8369806000 1 P 11
L 6.6749774 1.3350000000 6.6649806000 1.3449968 1 P 11
L 6.6749774 1.3649903 6.6649806000 1.3749871 1 P 11
L 6.6749774 1.3649903 6.6949709 1.3649903 1 P 11
L 6.6749774 1.3949806 6.6949709 1.3949806 1 P 11
L 6.6799774 1.76 6.6999709 1.76 1 P 11
L 6.6799774 1.7899903000 6.7099677000 1.7899903000 1 P 11
L 6.6799774 1.8199806 6.6699806000 1.8099838000 1 P 11
L 6.6800065 2.2099935000 6.7 2.2299871 1 P 11
L 6.6800065 2.2199903 6.6800065 2.1900000000 1 P 11
L 6.6800065 2.2899677 6.6700097000 2.2799709000 1 P 11
L 6.6829871 2.8269838000 6.6729903 2.8369806000 1 P 11
L 6.6900032000 2.2499806 6.7 2.2599774000 1 P 11
L 6.6900032000 2.2899677 6.6800065 2.2899677 1 P 11
L 6.6949709 1.3350000000 6.6749774 1.3350000000 1 P 11
L 6.6949709 1.3649903 6.7049677 1.3549935000 1 P 11
L 6.6949709 1.3949806 6.7049677 1.3849838 1 P 11
L 6.6999709 1.76 6.7099677000 1.7699968000 1 P 11
L 6.6999709 1.8199806 6.6799774 1.8199806 1 P 11
L 6.7 2.1900000000 6.6400194000 2.1900000000 1 P 11
L 6.7 2.2599774000 6.7 2.2799709000 1 P 11
L 6.7 2.2799709000 6.6900032000 2.2899677 1 P 11
L 6.7029806 2.777 6.7429677 2.8169871000 1 P 11
L 6.7049677 1.3449968 6.6949709 1.3350000000 1 P 11
L 6.7049677 1.3549935000 6.7049677 1.3449968 1 P 11
L 6.7049677 1.3749871 6.6949709 1.3649903 1 P 11
L 6.7049677 1.3849838 6.7049677 1.3749871 1 P 11
L 6.705 1.425 6.705 1.725 1 P 11
L 6.7099677000 1.7699968000 6.7099677000 1.8099838000 1 P 11
L 6.7099677000 1.8099838000 6.6999709 1.8199806 1 P 11
L 6.7100000000 2.1300000000 6.7100000000 2.35 1 P 11
L 6.7129774000 2.8369806000 6.7029806 2.8269838000 1 P 11
L 6.7329709000 2.8369806000 6.7129774000 2.8369806000 1 P 11
L 6.735 2.5450000000 6.735 2.745 0 P 10
L 6.74 2.1300000000 6.74 2.35 1 P 11
L 6.74 2.1300000000 6.82 2.1300000000 1 P 11
L 6.74 2.35 6.82 2.35 1 P 11
L 6.7429677 2.777 6.7029806 2.777 1 P 11
L 6.7429677 2.8169871000 6.7429677 2.8269838000 1 P 11
L 6.7429677 2.8269838000 6.7329709000 2.8369806000 1 P 11
L 6.745 1.475 6.745 1.695 1 P 11
L 6.745 1.475 6.825 1.475 1 P 11
L 6.745 1.695 6.825 1.695 1 P 11
L 6.7500194 2.18 6.7500194 2.2099903000 1 P 11
L 6.7500194 2.2099903000 6.7600162000 2.2199871000 1 P 11
L 6.7500194 2.2399806000 6.7800097000 2.2399806000 1 P 11
L 6.7500194 2.2799677000 6.7500194 2.2399806000 1 P 11
L 6.7540000000 2.785 6.9600000000 2.785 1 P 11
L 6.7540000000 3.375 6.9600000000 3.375 1 P 11
L 6.7550000000 2.5450000000 6.7550000000 2.745 0 P 10
L 6.7550000000 2.5450000000 6.855 2.5450000000 0 P 10
L 6.7550000000 2.745 6.855 2.745 0 P 10
L 6.7550194 1.5150000000 6.7550194 1.5449903 1 P 11
L 6.7550194 1.5449903 6.7650162000 1.5549871000 1 P 11
L 6.7550194 1.5849774 6.7650162000 1.5749806000 1 P 11
L 6.7550194 1.6349612 6.7550194 1.6549547 1 P 11
L 6.7550194 1.6549547 6.7650162000 1.6649515000 1 P 11
L 6.7600162000 2.2199871000 6.7800097000 2.2199871000 1 P 11
L 6.7630000000 2.7879968 6.7729968000 2.778 1 P 11
L 6.7630000000 2.8279838 6.7630000000 2.7879968 1 P 11
L 6.7650162000 1.5549871000 6.7850097000 1.5549871000 1 P 11
L 6.7650162000 1.6249644 6.7550194 1.6349612 1 P 11
L 6.7650162000 1.6649515000 6.8050032000 1.6649515000 1 P 11
L 6.7700129 2.2599741000 6.7700129 2.2699709 1 P 11
L 6.7700129 2.2699709 6.7800097000 2.2799677000 1 P 11
L 6.7729968000 2.778 6.7929903000 2.778 1 P 11
L 6.7729968000 2.8379806000 6.7630000000 2.8279838 1 P 11
L 6.78 2.1 6.78 2.1300000000 1 P 11
L 6.78 2.35 6.78 2.3800000000 1 P 11
L 6.7800097000 2.2199871000 6.7900065000 2.2099903000 1 P 11
L 6.7800097000 2.2399806000 6.7700129 2.2599741000 1 P 11
L 6.7800097000 2.2799677000 6.8000032000 2.2799677000 1 P 11
L 6.785 1.445 6.785 1.475 1 P 11
L 6.785 1.695 6.785 1.725 1 P 11
L 6.7850097000 1.5549871000 6.7950065 1.5449903 1 P 11
L 6.7900065000 2.1999935 6.8100000000 2.2199871000 1 P 11
L 6.7900065000 2.2099903000 6.7900065000 2.18 1 P 11
L 6.7929903000 2.778 6.8029871 2.7879968 1 P 11
L 6.7929903000 2.8379806000 6.7729968000 2.8379806000 1 P 11
L 6.7950065 1.5349935000 6.815 1.5549871000 1 P 11
L 6.7950065 1.5449903 6.7950065 1.5150000000 1 P 11
L 6.8000000000 1.2300000000 6.8000000000 1.33 0 P 10
L 6.8000032000 2.2799677000 6.8100000000 2.2699709 1 P 11
L 6.8029871 2.8279838 6.7929903000 2.8379806000 1 P 11
L 6.8050032000 1.6249644 6.7650162000 1.6249644 1 P 11
L 6.8050032000 1.6649515000 6.815 1.6549547 1 P 11
L 6.8100000000 2.18 6.7500194 2.18 1 P 11
L 6.8100000000 2.2499774 6.8000032000 2.2399806000 1 P 11
L 6.8100000000 2.2699709 6.8100000000 2.2499774 1 P 11
L 6.815 1.5150000000 6.7550194 1.5150000000 1 P 11
L 6.815 1.5749806000 6.815 1.5949741000 1 P 11
L 6.815 1.5849774 6.7550194 1.5849774 1 P 11
L 6.815 1.5949741000 6.815 1.5849774 1 P 11
L 6.815 1.6349612 6.8050032000 1.6249644 1 P 11
L 6.815 1.6549547 6.815 1.6349612 1 P 11
L 6.82 2.1300000000 6.82 2.35 1 P 11
L 6.8229806 2.778 6.8429741 2.778 1 P 11
L 6.825 1.475 6.825 1.695 1 P 11
L 6.8329774000 2.778 6.8329774000 2.8379806000 1 P 11
L 6.8329774000 2.8379806000 6.8229806 2.8279838 1 P 11
L 6.8400000000 2.83 6.8400000000 3.33 1 P 11
L 6.8429741 2.778 6.8329774000 2.778 1 P 11
L 6.8450000000 1.735 6.8450000000 1.7649903 1 P 11
L 6.8450000000 1.7649903 6.8849871 1.7649903 1 P 11
L 6.8450000000 1.7949806000 6.8450000000 1.735 1 P 11
L 6.855 2.5450000000 6.855 2.745 0 P 10
L 6.865 1.235 6.865 1.3350000000 0 P 10
L 6.865 1.235 7.065 1.235 0 P 10
L 6.865 1.3350000000 7.065 1.3350000000 0 P 10
L 6.865 1.3499968000 6.8749968000 1.34 1 P 11
L 6.865 1.3899838000 6.865 1.3499968000 1 P 11
L 6.8749968000 1.34 6.8949903000 1.34 1 P 11
L 6.8749968000 1.3999806000 6.865 1.3899838000 1 P 11
L 6.8800000000 1.4200000000 6.8800000000 1.7200000000 1 P 11
L 6.8800000000 1.4200000000 6.98 1.4200000000 1 P 11
L 6.8800000000 1.7200000000 6.98 1.7200000000 1 P 11
L 6.8849871 1.7649903 6.8849871 1.7949806000 1 P 11
L 6.8849871 1.7949806000 6.8849871 1.735 1 P 11
L 6.8850000000 2 6.8850000000 2.1 1 P 11
L 6.8850000000 2 7.0850000000 2 1 P 11
L 6.8850000000 2.1 7.0850000000 2.1 1 P 11
L 6.8850000000 2.225 6.8850000000 2.325 1 P 11
L 6.8850000000 2.225 7.0850000000 2.225 1 P 11
L 6.8850000000 2.325 7.0850000000 2.325 1 P 11
L 6.8850000000 2.43 6.8850000000 2.5300000000 1 P 11
L 6.8850000000 2.43 7.0850000000 2.43 1 P 11
L 6.8850000000 2.5300000000 7.0850000000 2.5300000000 1 P 11
L 6.8850000000 2.645 6.8850000000 2.745 1 P 11
L 6.8850000000 2.645 7.0850000000 2.645 1 P 11
L 6.8850000000 2.745 7.0850000000 2.745 1 P 11
L 6.8900000000 2.1350000000 6.8900000000 2.1649903000 1 P 11
L 6.8900000000 2.1649903000 6.9299871000 2.1649903000 1 P 11
L 6.8900000000 2.1949806 6.8900000000 2.1350000000 1 P 11
L 6.8900000000 2.3600000000 6.8900000000 2.3899903 1 P 11
L 6.8900000000 2.3899903 6.9299871000 2.3899903 1 P 11
L 6.8900000000 2.4199806 6.8900000000 2.3600000000 1 P 11
L 6.8900000000 2.5650000000 6.8900000000 2.5949903 1 P 11
L 6.8900000000 2.5949903 6.9299871000 2.5949903 1 P 11
L 6.8900000000 2.6249806 6.8900000000 2.5650000000 1 P 11
L 6.8900000000 2.7800000000 6.8900000000 2.8099903000 1 P 11
L 6.8900000000 2.8099903000 6.9299871000 2.8099903000 1 P 11
L 6.8900000000 2.8399806 6.8900000000 2.7800000000 1 P 11
L 6.8949903000 1.34 6.9049871000 1.3499968000 1 P 11
L 6.8949903000 1.3999806000 6.8749968000 1.3999806000 1 P 11
L 6.9049806 1.735 6.9249741 1.735 1 P 11
L 6.9049871000 1.3899838000 6.8949903000 1.3999806000 1 P 11
L 6.9149774000 1.735 6.9149774000 1.7949806000 1 P 11
L 6.9149774000 1.7949806000 6.9049806 1.7849838 1 P 11
L 6.9249741 1.735 6.9149774000 1.735 1 P 11
L 6.9249806000 1.3499968000 6.9349774 1.34 1 P 11
L 6.9249806000 1.3799871000 6.9349774 1.3699903000 1 P 11
L 6.9249806000 1.3899838000 6.9249806000 1.3799871000 1 P 11
L 6.9299871000 2.1649903000 6.9299871000 2.1949806 1 P 11
L 6.9299871000 2.1949806 6.9299871000 2.1350000000 1 P 11
L 6.9299871000 2.3899903 6.9299871000 2.4199806 1 P 11
L 6.9299871000 2.4199806 6.9299871000 2.3600000000 1 P 11
L 6.9299871000 2.5949903 6.9299871000 2.6249806 1 P 11
L 6.9299871000 2.6249806 6.9299871000 2.5650000000 1 P 11
L 6.9299871000 2.8099903000 6.9299871000 2.8399806 1 P 11
L 6.9299871000 2.8399806 6.9299871000 2.7800000000 1 P 11
L 6.9349774 1.34 6.9549709 1.34 1 P 11
L 6.9349774 1.3699903000 6.9649677000 1.3699903000 1 P 11
L 6.9349774 1.3999806000 6.9249806000 1.3899838000 1 P 11
L 6.9499806000 2.1649903000 6.9699741000 2.1749871 1 P 11
L 6.9499806000 2.1949806 6.9499806000 2.1649903000 1 P 11
L 6.9499806000 2.3899903 6.9899677 2.3899903 1 P 11
L 6.9499806000 2.6149838 6.9599774000 2.6249806 1 P 11
L 6.9499806000 2.7800000000 6.9899677 2.8199871 1 P 11
L 6.9549644000 1.7449968 6.9549644000 1.7849838 1 P 11
L 6.9549644000 1.7849838 6.9649612 1.7949806000 1 P 11
L 6.9549709 1.34 6.9649677000 1.3499968000 1 P 11
L 6.9549709 1.3999806000 6.9349774 1.3999806000 1 P 11
L 6.9599774000 2.1350000000 6.9499806000 2.1449968000 1 P 11
L 6.9599774000 2.5650000000 6.9499806000 2.5749968 1 P 11
L 6.9599774000 2.6249806 6.9799709000 2.6249806 1 P 11
L 6.9599774000 2.8399806 6.9499806000 2.8299838000 1 P 11
L 6.9600000000 2.785 6.9600000000 3.375 1 P 11
L 6.9649612 1.735 6.9549644000 1.7449968 1 P 11
L 6.9649612 1.7949806000 6.9849547 1.7949806000 1 P 11
L 6.9649677000 1.3499968000 6.9649677000 1.3899838000 1 P 11
L 6.9649677000 1.3899838000 6.9549709 1.3999806000 1 P 11
L 6.9699741000 2.1749871 6.9799709000 2.1749871 1 P 11
L 6.9699741000 2.5949903 6.9799709000 2.5949903 1 P 11
L 6.9799709000 2.1350000000 6.9599774000 2.1350000000 1 P 11
L 6.9799709000 2.1749871 6.9899677 2.1649903000 1 P 11
L 6.9799709000 2.3600000000 6.9799709000 2.4199806 1 P 11
L 6.9799709000 2.4199806 6.9499806000 2.3899903 1 P 11
L 6.9799709000 2.5650000000 6.9599774000 2.5650000000 1 P 11
L 6.9799709000 2.5949903 6.9699741000 2.5949903 1 P 11
L 6.9799709000 2.5949903 6.9899677 2.5849935000 1 P 11
L 6.9799709000 2.6249806 6.9899677 2.6149838 1 P 11
L 6.9799709000 2.8399806 6.9599774000 2.8399806 1 P 11
L 6.98 1.4200000000 6.98 1.7200000000 1 P 11
L 6.9849547 1.735 6.9649612 1.735 1 P 11
L 6.9849547 1.7949806000 6.9949515000 1.7849838 1 P 11
L 6.9899677 2.1449968000 6.9799709000 2.1350000000 1 P 11
L 6.9899677 2.1649903000 6.9899677 2.1449968000 1 P 11
L 6.9899677 2.1949806 6.9499806000 2.1949806 1 P 11
L 6.9899677 2.5749968 6.9799709000 2.5650000000 1 P 11
L 6.9899677 2.5849935000 6.9899677 2.5749968 1 P 11
L 6.9899677 2.6049871 6.9799709000 2.5949903 1 P 11
L 6.9899677 2.6149838 6.9899677 2.6049871 1 P 11
L 6.9899677 2.7800000000 6.9499806000 2.7800000000 1 P 11
L 6.9899677 2.8199871 6.9899677 2.8299838000 1 P 11
L 6.9899677 2.8299838000 6.9799709000 2.8399806 1 P 11
L 6.9949515000 1.7449968 6.9849547 1.735 1 P 11
L 6.9949515000 1.7849838 6.9949515000 1.7449968 1 P 11
L 7.0050000000 1.475 7.0050000000 1.695 1 P 11
L 7.0050000000 1.475 7.0850000000 1.475 1 P 11
L 7.0050000000 1.695 7.0850000000 1.695 1 P 11
L 7.0150194000 1.5250000000 7.0150194000 1.5549903 1 P 11
L 7.0150194000 1.5549903 7.0250162000 1.5649871000 1 P 11
L 7.0150194000 1.5949774 7.0250162000 1.5849806000 1 P 11
L 7.0150194000 1.6449612 7.0250162000 1.6349644 1 P 11
L 7.0250162000 1.5649871000 7.0450097000 1.5649871000 1 P 11
L 7.0450000000 1.445 7.0450000000 1.475 1 P 11
L 7.0450000000 1.695 7.0450000000 1.725 1 P 11
L 7.0450097000 1.5649871000 7.0550065 1.5549903 1 P 11
L 7.0550065 1.5449935000 7.075 1.5649871000 1 P 11
L 7.0550065 1.5549903 7.0550065 1.5250000000 1 P 11
L 7.065 1.235 7.065 1.3350000000 0 P 10
L 7.075 1.5250000000 7.0150194000 1.5250000000 1 P 11
L 7.075 1.5849806000 7.075 1.6049741000 1 P 11
L 7.075 1.5949774 7.0150194000 1.5949774 1 P 11
L 7.075 1.6049741000 7.075 1.5949774 1 P 11
L 7.075 1.6349644 7.075 1.6549579 1 P 11
L 7.075 1.6449612 7.0150194000 1.6449612 1 P 11
L 7.075 1.6549579 7.075 1.6449612 1 P 11
L 7.0850000000 1.475 7.0850000000 1.695 1 P 11
L 7.0850000000 2 7.0850000000 2.1 1 P 11
L 7.0850000000 2.225 7.0850000000 2.325 1 P 11
L 7.0850000000 2.43 7.0850000000 2.5300000000 1 P 11
L 7.0850000000 2.645 7.0850000000 2.745 1 P 11
L 7.15 1.6 7.15 3.3000000000 1 P 11
L 7.2 1.7000000000 7.2 2.4000000000 1 P 11
L 7.2 1.7000000000 7.3000000000 1.7000000000 1 P 11
L 7.2 1.8 7.3000000000 1.8 1 P 11
L 7.2 1.9000000000 7.3000000000 1.9000000000 1 P 11
L 7.2 2 7.3000000000 2 1 P 11
L 7.2 2.1 7.3000000000 2.1 1 P 11
L 7.2 2.2 7.3000000000 2.2 1 P 11
L 7.2 2.3000000000 7.3000000000 2.3000000000 1 P 11
L 7.2 2.4000000000 7.2 3.2 1 P 11
L 7.2 2.4000000000 7.3000000000 2.4000000000 1 P 11
L 7.2 2.4000000000 7.3000000000 2.4000000000 1 P 11
L 7.2 2.4000000000 7.3000000000 2.4000000000 1 P 11
L 7.2 2.5 7.3000000000 2.5 1 P 11
L 7.2 2.6 7.3000000000 2.6 1 P 11
L 7.2 2.7 7.3000000000 2.7 1 P 11
L 7.2 2.8000000000 7.3000000000 2.8000000000 1 P 11
L 7.2 2.9000000000 7.3000000000 2.9000000000 1 P 11
L 7.2 3 7.3000000000 3 1 P 11
L 7.2 3.1 7.3000000000 3.1 1 P 11
L 7.2 3.2 7.3000000000 3.2 1 P 11
L 7.205 1.425 7.235 1.425 1 P 11
L 7.235 1.385 7.235 1.465 1 P 11
L 7.235 1.385 7.455 1.385 1 P 11
L 7.235 1.465 7.455 1.465 1 P 11
L 7.25 1.5 8.15 1.5 1 P 11
L 7.25 3.4000000000 7.5500000000 3.4000000000 1 P 11
L 7.275 1.4000000000 7.275 1.4599806000 1 P 11
L 7.275 1.4599806000 7.3049903 1.4599806000 1 P 11
L 7.2949935 1.4199935000 7.3149871000 1.4000000000 1 P 11
L 7.3000000000 1.7000000000 7.3000000000 2.4000000000 1 P 11
L 7.3000000000 2.4000000000 7.3000000000 3.2 1 P 11
L 7.3049903 1.4199935000 7.275 1.4199935000 1 P 11
L 7.3049903 1.4599806000 7.3149871000 1.4499838 1 P 11
L 7.3149871000 1.4299903 7.3049903 1.4199935000 1 P 11
L 7.3149871000 1.4499838 7.3149871000 1.4299903 1 P 11
L 7.3349806000 1.4000000000 7.3549741000 1.4000000000 1 P 11
L 7.3449774 1.4000000000 7.3449774 1.4599806000 1 P 11
L 7.3449774 1.4599806000 7.3349806000 1.4499838 1 P 11
L 7.3549741000 1.4000000000 7.3449774 1.4000000000 1 P 11
L 7.375 1.5 7.375 2.4000000000 1 P 11
L 7.375 2.4000000000 8 2.4000000000 1 P 11
L 7.3849644 1.4000000000 7.4249515000 1.4399871000 1 P 11
L 7.3949612 1.4599806000 7.3849644 1.4499838 1 P 11
L 7.4149547 1.4599806000 7.3949612 1.4599806000 1 P 11
L 7.4249515000 1.4000000000 7.3849644 1.4000000000 1 P 11
L 7.4249515000 1.4399871000 7.4249515000 1.4499838 1 P 11
L 7.4249515000 1.4499838 7.4149547 1.4599806000 1 P 11
L 7.455 1.385 7.455 1.465 1 P 11
L 7.455 1.425 7.485 1.425 1 P 11
L 7.4750000000 2.8000000000 7.4750000000 2.8599806 1 P 11
L 7.4750000000 2.8599806 7.5149871000 2.8000000000 1 P 11
L 7.5 2.0250000000 7.5399871 2.0250000000 1 P 11
L 7.5 2.0549903 7.5199935000 2.0549903 1 P 11
L 7.5 2.0849806 7.5 2.0250000000 1 P 11
L 7.5100000000 1.2400000000 7.5399903 1.2400000000 1 P 11
L 7.5100000000 1.2999806 7.5100000000 1.2400000000 1 P 11
L 7.5149871000 2.8000000000 7.5149871000 2.8599806 1 P 11
L 7.5349806000 2.8099968000 7.5449774000 2.8000000000 1 P 11
L 7.5349806000 2.8299903000 7.5349806000 2.8099968000 1 P 11
L 7.5399871 2.0849806 7.5 2.0849806 1 P 11
L 7.5399903 1.2400000000 7.5499871 1.2499968000 1 P 11
L 7.5399903 1.2999806 7.5100000000 1.2999806 1 P 11
L 7.5449774000 2.8000000000 7.5649709000 2.8000000000 1 P 11
L 7.5449774000 2.8399871 7.5349806000 2.8299903000 1 P 11
L 7.5499871 1.2499968000 7.5499871 1.2899838000 1 P 11
L 7.5499871 1.2899838000 7.5399903 1.2999806 1 P 11
L 7.5500000000 3.25 7.5500000000 3.45 1 P 11
L 7.5500000000 3.25 7.8500000000 3.25 1 P 11
L 7.5500000000 3.45 7.8500000000 3.45 1 P 11
L 7.5599806 2.0649871 7.5699774000 2.0549903 1 P 11
L 7.5599806 2.0749838 7.5599806 2.0649871 1 P 11
L 7.5649709000 2.8000000000 7.5749677 2.8099968000 1 P 11
L 7.5649709000 2.8399871 7.5449774000 2.8399871 1 P 11
L 7.5699774000 2.0250000000 7.5599806 2.0349968 1 P 11
L 7.5699774000 2.0549903 7.5899709000 2.0549903 1 P 11
L 7.5699774000 2.0849806 7.5599806 2.0749838 1 P 11
L 7.5699806 1.2400000000 7.5899741 1.2400000000 1 P 11
L 7.5749677 2.8099968000 7.5749677 2.8299903000 1 P 11
L 7.5749677 2.8299903000 7.5649709000 2.8399871 1 P 11
L 7.5799774000 1.2400000000 7.5799774000 1.2999806 1 P 11
L 7.5799774000 1.2999806 7.5699806 1.2899838000 1 P 11
L 7.5899709000 2.0250000000 7.5699774000 2.0250000000 1 P 11
L 7.5899709000 2.0549903 7.5999677000 2.0449935000 1 P 11
L 7.5899709000 2.0849806 7.5699774000 2.0849806 1 P 11
L 7.5899741 1.2400000000 7.5799774000 1.2400000000 1 P 11
L 7.5949612 2.8099968000 7.5949612 2.8299903000 1 P 11
L 7.5949612 2.8299903000 7.6049580000 2.8399871 1 P 11
L 7.5999677000 2.0349968 7.5899709000 2.0250000000 1 P 11
L 7.5999677000 2.0449935000 7.5999677000 2.0349968 1 P 11
L 7.5999677000 2.0749838 7.5899709000 2.0849806 1 P 11
L 7.6049580000 2.8000000000 7.5949612 2.8099968000 1 P 11
L 7.6049580000 2.8399871 7.6349483000 2.8399871 1 P 11
L 7.6199612000 2.0250000000 7.6199612000 2.0849806 1 P 11
L 7.6199612000 2.0849806 7.6499515 2.0849806 1 P 11
L 7.625 3.3349968000 7.6349968000 3.325 1 P 11
L 7.625 3.3849806 7.625 3.3349968000 1 P 11
L 7.6349483000 2.8000000000 7.6049580000 2.8000000000 1 P 11
L 7.6349483000 2.8599806 7.6349483000 2.8000000000 1 P 11
L 7.6349968000 3.325 7.6549903000 3.325 1 P 11
L 7.6499515 2.0449935000 7.6199612000 2.0449935000 1 P 11
L 7.6499515 2.0849806 7.6599483000 2.0749838 1 P 11
L 7.6549418000 2.8099968000 7.6549418000 2.8299903000 1 P 11
L 7.6549418000 2.8299903000 7.6649386 2.8399871 1 P 11
L 7.6549903000 3.325 7.6649871 3.3349968000 1 P 11
L 7.6599483000 2.0549903 7.6499515 2.0449935000 1 P 11
L 7.6599483000 2.0749838 7.6599483000 2.0549903 1 P 11
L 7.6649386 2.8000000000 7.6549418000 2.8099968000 1 P 11
L 7.6649386 2.8399871 7.6849321 2.8399871 1 P 11
L 7.6649871 3.3349968000 7.6649871 3.3849806 1 P 11
L 7.6799418000 2.0349968 7.6799418000 2.0449935000 1 P 11
L 7.6799418000 2.0449935000 7.6899386000 2.0549903 1 P 11
L 7.6799418000 2.0649871 7.6799418000 2.0749838 1 P 11
L 7.6799418000 2.0749838 7.6899386000 2.0849806 1 P 11
L 7.6849321 2.8000000000 7.6649386 2.8000000000 1 P 11
L 7.6849321 2.8399871 7.6949289000 2.8299903000 1 P 11
L 7.6849806 3.3649871 7.6949774000 3.3549903000 1 P 11
L 7.6849806 3.3749838000 7.6849806 3.3649871 1 P 11
L 7.6899386000 2.0250000000 7.6799418000 2.0349968 1 P 11
L 7.6899386000 2.0549903 7.6799418000 2.0649871 1 P 11
L 7.6899386000 2.0549903 7.7099321000 2.0549903 1 P 11
L 7.6899386000 2.0849806 7.7099321000 2.0849806 1 P 11
L 7.6949289000 2.8199935000 7.6549418000 2.8199935000 1 P 11
L 7.6949289000 2.8299903000 7.6949289000 2.8199935000 1 P 11
L 7.6949774000 3.325 7.6849806 3.3349968000 1 P 11
L 7.6949774000 3.3549903000 7.7149709000 3.3549903000 1 P 11
L 7.6949774000 3.3849806 7.6849806 3.3749838000 1 P 11
L 7.7099321000 2.0250000000 7.6899386000 2.0250000000 1 P 11
L 7.7099321000 2.0549903 7.7199289 2.0449935000 1 P 11
L 7.7099321000 2.0849806 7.7199289 2.0749838 1 P 11
L 7.7149709000 3.325 7.6949774000 3.325 1 P 11
L 7.7149709000 3.3549903000 7.7249677000 3.3449935 1 P 11
L 7.7149709000 3.3849806 7.6949774000 3.3849806 1 P 11
L 7.7199289 2.0349968 7.7099321000 2.0250000000 1 P 11
L 7.7199289 2.0449935000 7.7199289 2.0349968 1 P 11
L 7.7199289 2.0649871 7.7099321000 2.0549903 1 P 11
L 7.7199289 2.0749838 7.7199289 2.0649871 1 P 11
L 7.7249677000 3.3349968000 7.7149709000 3.325 1 P 11
L 7.7249677000 3.3449935 7.7249677000 3.3349968000 1 P 11
L 7.7249677000 3.3749838000 7.7149709000 3.3849806 1 P 11
L 7.7399224 2.0250000000 7.7799095000 2.0649871 1 P 11
L 7.7449612000 3.325 7.7749515 3.325 1 P 11
L 7.7449612000 3.3549903000 7.7749515 3.3549903000 1 P 11
L 7.7449612000 3.3849806 7.7449612000 3.325 1 P 11
L 7.7499192000 2.0849806 7.7399224 2.0749838 1 P 11
L 7.7699127000 2.0849806 7.7499192000 2.0849806 1 P 11
L 7.774903 2.8000000000 7.774903 2.8599806 1 P 11
L 7.774903 2.8599806 7.7948965 2.8399871 1 P 11
L 7.7749515 3.325 7.7849483000 3.3349968000 1 P 11
L 7.7749515 3.3549903000 7.7449612000 3.3549903000 1 P 11
L 7.7749515 3.3549903000 7.7849483000 3.3649871 1 P 11
L 7.7749515 3.3849806 7.7449612000 3.3849806 1 P 11
L 7.7799095000 2.0250000000 7.7399224 2.0250000000 1 P 11
L 7.7799095000 2.0649871 7.7799095000 2.0749838 1 P 11
L 7.7799095000 2.0749838 7.7699127000 2.0849806 1 P 11
L 7.7849483000 3.3349968000 7.7849483000 3.3449935 1 P 11
L 7.7849483000 3.3449935 7.7749515 3.3549903000 1 P 11
L 7.7849483000 3.3649871 7.7849483000 3.3749838000 1 P 11
L 7.7849483000 3.3749838000 7.7749515 3.3849806 1 P 11
L 7.7948965 2.8399871 7.8148901 2.8599806 1 P 11
L 7.7999030000 2.0349968 7.8098998 2.0250000000 1 P 11
L 7.7999030000 2.0549903 7.7999030000 2.0349968 1 P 11
L 7.8098998 2.0250000000 7.8298933 2.0250000000 1 P 11
L 7.8100000000 1.29 7.8100000000 1.4200000000 1 P 11
L 7.8100000000 3.1399968 7.8199968 3.1300000000 1 P 11
L 7.8100000000 3.1899806 7.8100000000 3.1399968 1 P 11
L 7.8148901 2.8599806 7.8148901 2.8000000000 1 P 11
L 7.8198965000 2.0749838 7.7999030000 2.0549903 1 P 11
L 7.8199968 3.1300000000 7.8399903 3.1300000000 1 P 11
L 7.8298933 2.0250000000 7.8398901000 2.0349968 1 P 11
L 7.8298933 2.0549903 7.7999030000 2.0549903 1 P 11
L 7.8348836 2.8099968000 7.8448804 2.8000000000 1 P 11
L 7.8348836 2.8499838000 7.8348836 2.8099968000 1 P 11
L 7.8398901000 2.0349968 7.8398901000 2.0449935000 1 P 11
L 7.8398901000 2.0449935000 7.8298933 2.0549903 1 P 11
L 7.8398901000 2.0849806 7.8198965000 2.0749838 1 P 11
L 7.8399903 3.1300000000 7.8499871000 3.1399968 1 P 11
L 7.8448804 2.8000000000 7.8648739 2.8000000000 1 P 11
L 7.8448804 2.8599806 7.8348836 2.8499838000 1 P 11
L 7.8499871000 3.1399968 7.8499871000 3.1899806 1 P 11
L 7.8500000000 3.25 7.8500000000 3.45 1 P 11
L 7.8500000000 3.4000000000 8.15 3.4000000000 1 P 11
L 7.8598836000 2.0349968 7.8698804 2.0250000000 1 P 11
L 7.8598836000 2.0549903 7.8598836000 2.0349968 1 P 11
L 7.8648739 2.8000000000 7.8748707000 2.8099968000 1 P 11
L 7.8648739 2.8599806 7.8448804 2.8599806 1 P 11
L 7.8698804 2.0250000000 7.8898739 2.0250000000 1 P 11
L 7.8699806000 3.1300000000 7.8899741000 3.1300000000 1 P 11
L 7.8748707000 2.8499838000 7.8648739 2.8599806 1 P 11
L 7.8798771000 2.0749838 7.8598836000 2.0549903 1 P 11
L 7.8799774000 3.1300000000 7.8799774000 3.1899806 1 P 11
L 7.8799774000 3.1899806 7.8699806000 3.1799838 1 P 11
L 7.8898739 2.0250000000 7.8998707 2.0349968 1 P 11
L 7.8898739 2.0549903 7.8598836000 2.0549903 1 P 11
L 7.8899741000 3.1300000000 7.8799774000 3.1300000000 1 P 11
L 7.8948642000 2.8099968000 7.904861 2.8000000000 1 P 11
L 7.8948642000 2.8599806 7.8948642000 2.8099968000 1 P 11
L 7.8998707 2.0349968 7.8998707 2.0449935000 1 P 11
L 7.8998707 2.0449935000 7.8898739 2.0549903 1 P 11
L 7.8998707 2.0849806 7.8798771000 2.0749838 1 P 11
L 7.904861 2.8000000000 7.9248545 2.8000000000 1 P 11
L 7.9248545 2.8000000000 7.9348513 2.8099968000 1 P 11
L 7.9300000000 1.32 7.9600000000 1.32 1 P 11
L 7.9348513 2.8099968000 7.9348513 2.8599806 1 P 11
L 7.9600000000 1.28 7.9600000000 1.36 1 P 11
L 7.9600000000 1.28 8.1800000000 1.28 1 P 11
L 7.9600000000 1.36 8.1800000000 1.36 1 P 11
L 7.9600000000 1.4300000000 7.99 1.4300000000 1 P 11
L 7.99 1.3900000000 7.99 1.4700000000 1 P 11
L 7.99 1.3900000000 8.21 1.3900000000 1 P 11
L 7.99 1.4700000000 8.21 1.4700000000 1 P 11
L 8 1.5 8 2.4000000000 1 P 11
L 8.0200000000 1.29 8.0200000000 1.3499806 1 P 11
L 8.0200000000 1.3499806 8.0499903000 1.3499806 1 P 11
L 8.0399935000 1.3099935 8.0599871 1.29 1 P 11
L 8.0499903000 1.3099935 8.0200000000 1.3099935 1 P 11
L 8.0499903000 1.3499806 8.0599871 1.3399838000 1 P 11
L 8.05 1.4000000000 8.05 1.4599806000 1 P 11
L 8.05 1.4599806000 8.0799903 1.4599806000 1 P 11
L 8.0599871 1.3199903000 8.0499903000 1.3099935 1 P 11
L 8.0599871 1.3399838000 8.0599871 1.3199903000 1 P 11
L 8.0699935 1.4199935000 8.0899871 1.4000000000 1 P 11
L 8.0799806 1.2999968000 8.0799806 1.29 1 P 11
L 8.0799806 1.3499806 8.1199677 1.3499806 1 P 11
L 8.0799903 1.4199935000 8.05 1.4199935000 1 P 11
L 8.0799903 1.4599806000 8.0899871 1.4499838 1 P 11
L 8.0899871 1.4299903 8.0799903 1.4199935000 1 P 11
L 8.0899871 1.4499838 8.0899871 1.4299903 1 P 11
L 8.1000000000 1.7000000000 8.1000000000 2.4000000000 1 P 11
L 8.1000000000 1.7000000000 8.2000000000 1.7000000000 1 P 11
L 8.1000000000 1.8 8.2000000000 1.8 1 P 11
L 8.1000000000 1.9000000000 8.2000000000 1.9000000000 1 P 11
L 8.1000000000 2 8.2000000000 2 1 P 11
L 8.1000000000 2.1 8.2000000000 2.1 1 P 11
L 8.1000000000 2.2 8.2000000000 2.2 1 P 11
L 8.1000000000 2.3000000000 8.2000000000 2.3000000000 1 P 11
L 8.1000000000 2.4000000000 8.1000000000 3.2 1 P 11
L 8.1000000000 2.4000000000 8.2000000000 2.4000000000 1 P 11
L 8.1000000000 2.4000000000 8.2000000000 2.4000000000 1 P 11
L 8.1000000000 2.5 8.2000000000 2.5 1 P 11
L 8.1000000000 2.6 8.2000000000 2.6 1 P 11
L 8.1000000000 2.7 8.2000000000 2.7 1 P 11
L 8.1000000000 2.8000000000 8.2000000000 2.8000000000 1 P 11
L 8.1000000000 2.9000000000 8.2000000000 2.9000000000 1 P 11
L 8.1000000000 3 8.2000000000 3 1 P 11
L 8.1000000000 3.1 8.2000000000 3.1 1 P 11
L 8.1000000000 3.2 8.2000000000 3.2 1 P 11
L 8.1099806 1.4000000000 8.1499677000 1.4399871000 1 P 11
L 8.1199677 1.3399838000 8.0799806 1.2999968000 1 P 11
L 8.1199677 1.3499806 8.1199677 1.3399838000 1 P 11
L 8.1199774000 1.4599806000 8.1099806 1.4499838 1 P 11
L 8.1399709000 1.4599806000 8.1199774000 1.4599806000 1 P 11
L 8.1499677000 1.4000000000 8.1099806 1.4000000000 1 P 11
L 8.1499677000 1.4399871000 8.1499677000 1.4499838 1 P 11
L 8.1499677000 1.4499838 8.1399709000 1.4599806000 1 P 11
L 8.1800000000 1.28 8.1800000000 1.36 1 P 11
L 8.1800000000 1.32 8.21 1.32 1 P 11
L 8.2000000000 1.7000000000 8.2000000000 2.4000000000 1 P 11
L 8.2000000000 2.4000000000 8.2000000000 3.2 1 P 11
L 8.21 1.3900000000 8.21 1.4700000000 1 P 11
L 8.21 1.4300000000 8.24 1.4300000000 1 P 11
L 8.25 1.6 8.25 3.3000000000 1 P 11
L 8.275 2.595 8.275 2.7950000000 0 P 10
L 8.275 2.595 8.375 2.595 0 P 10
L 8.275 2.7950000000 8.375 2.7950000000 0 P 10
L 8.275 2.81 8.275 3.0100000000 1 P 11
L 8.275 2.81 8.375 2.81 1 P 11
L 8.275 3 8.275 3.0299903 1 P 11
L 8.275 3.0100000000 8.375 3.0100000000 1 P 11
L 8.275 3.0299903 8.3149871000 3.0299903 1 P 11
L 8.275 3.0599806000 8.275 3 1 P 11
L 8.2950000000 3.0650000000 8.2950000000 3.165 0 P 10
L 8.2950000000 3.0650000000 8.4950000000 3.0650000000 0 P 10
L 8.2950000000 3.165 8.4950000000 3.165 0 P 10
L 8.3000194 2.4449968 8.3100162000 2.435 1 P 11
L 8.3000194 2.4649903 8.3000194 2.4449968 1 P 11
L 8.3000194 2.5049774 8.3100162000 2.4949806000 1 P 11
L 8.3000194 2.5549612 8.3000194 2.5749547 1 P 11
L 8.3000194 2.5749547 8.3100162000 2.5849515000 1 P 11
L 8.3100162000 2.435 8.3500032000 2.435 1 P 11
L 8.3100162000 2.4749871000 8.3000194 2.4649903 1 P 11
L 8.3100162000 2.5449644 8.3000194 2.5549612 1 P 11
L 8.3100162000 2.5849515000 8.3500032000 2.5849515000 1 P 11
L 8.3149871000 3.0299903 8.3149871000 3.0599806000 1 P 11
L 8.3149871000 3.0599806000 8.3149871000 3 1 P 11
L 8.3150000000 3.1899968000 8.3249968000 3.18 1 P 11
L 8.3150000000 3.2299838000 8.3150000000 3.1899968000 1 P 11
L 8.3249968000 3.18 8.3449903000 3.18 1 P 11
L 8.3249968000 3.2399806000 8.3150000000 3.2299838000 1 P 11
L 8.3349806000 3.0099968 8.3449774000 3 1 P 11
L 8.3349806000 3.0299903 8.3349806000 3.0099968 1 P 11
L 8.3449774000 3 8.3649709000 3 1 P 11
L 8.3449903000 3.18 8.3549871 3.1899968000 1 P 11
L 8.3449903000 3.2399806000 8.3249968000 3.2399806000 1 P 11
L 8.345 1.2950000000 8.345 2.27 1 P 11
L 8.345 1.2950000000 9.1700000000 1.2950000000 1 P 11
L 8.345 2.27 9.1700000000 2.27 1 P 11
L 8.3500032000 2.435 8.3600000000 2.4449968 1 P 11
L 8.3500032000 2.5449644 8.3100162000 2.5449644 1 P 11
L 8.3500032000 2.5849515000 8.3600000000 2.5749547 1 P 11
L 8.3549741000 3.0499838 8.3349806000 3.0299903 1 P 11
L 8.3549871 3.2299838000 8.3449903000 3.2399806000 1 P 11
L 8.3600000000 2.4449968 8.3600000000 2.4649903 1 P 11
L 8.3600000000 2.4649903 8.3500032000 2.4749871000 1 P 11
L 8.3600000000 2.4949806000 8.3600000000 2.5149741000 1 P 11
L 8.3600000000 2.5049774 8.3000194 2.5049774 1 P 11
L 8.3600000000 2.5149741000 8.3600000000 2.5049774 1 P 11
L 8.3600000000 2.5549612 8.3500032000 2.5449644 1 P 11
L 8.3600000000 2.5749547 8.3600000000 2.5549612 1 P 11
L 8.3649709000 3 8.3749677000 3.0099968 1 P 11
L 8.3649709000 3.0299903 8.3349806000 3.0299903 1 P 11
L 8.3749677000 3.0099968 8.3749677000 3.0199935000 1 P 11
L 8.3749677000 3.0199935000 8.3649709000 3.0299903 1 P 11
L 8.3749677000 3.0599806000 8.3549741000 3.0499838 1 P 11
L 8.3749806 3.2099903000 8.3949741 3.2199871000 1 P 11
L 8.3749806 3.2399806000 8.3749806 3.2099903000 1 P 11
L 8.375 2.595 8.375 2.7950000000 0 P 10
L 8.375 2.81 8.375 3.0100000000 1 P 11
L 8.375 3.29 8.4050000000 3.29 1 P 11
L 8.3849774 3.18 8.3749806 3.1899968000 1 P 11
L 8.3949741 3.2199871000 8.4049709 3.2199871000 1 P 11
L 8.4049709 3.18 8.3849774 3.18 1 P 11
L 8.4049709 3.2199871000 8.4149677 3.2099903000 1 P 11
L 8.4050000000 3.25 8.4050000000 3.33 1 P 11
L 8.4050000000 3.25 8.625 3.25 1 P 11
L 8.4050000000 3.33 8.625 3.33 1 P 11
L 8.4149677 3.1899968000 8.4049709 3.18 1 P 11
L 8.4149677 3.2099903000 8.4149677 3.1899968000 1 P 11
L 8.4149677 3.2399806000 8.3749806 3.2399806000 1 P 11
L 8.4150000000 2.395 8.4150000000 2.595 1 P 11
L 8.4150000000 2.395 8.4750000000 2.395 1 P 11
L 8.4150000000 2.595 8.4750000000 2.595 1 P 11
L 8.4300000000 2.75 8.4300000000 2.95 1 P 11
L 8.4300000000 2.75 8.49 2.75 1 P 11
L 8.4300000000 2.95 8.49 2.95 1 P 11
L 8.4850000000 3.2600000000 8.4850000000 3.3199806 1 P 11
L 8.4850000000 3.3199806 8.5149903000 3.3199806 1 P 11
L 8.4950000000 3.0650000000 8.4950000000 3.165 0 P 10
L 8.5049935000 3.2799935000 8.5249871 3.2600000000 1 P 11
L 8.5100000000 2.6549968 8.5199968000 2.645 1 P 11
L 8.5100000000 2.6949838 8.5100000000 2.6549968 1 P 11
L 8.5149903000 3.2799935000 8.4850000000 3.2799935000 1 P 11
L 8.5149903000 3.3199806 8.5249871 3.3099838000 1 P 11
L 8.5199968000 2.645 8.5399903000 2.645 1 P 11
L 8.5199968000 2.7049806000 8.5100000000 2.6949838 1 P 11
L 8.5200000000 2.9699968 8.5299968000 2.9600000000 1 P 11
L 8.5200000000 3.0199806000 8.5200000000 2.9699968 1 P 11
L 8.5249871 3.2899903000 8.5149903000 3.2799935000 1 P 11
L 8.5249871 3.3099838000 8.5249871 3.2899903000 1 P 11
L 8.5299935000 2.6649935 8.5499871000 2.645 1 P 11
L 8.5299968000 2.9600000000 8.5499903000 2.9600000000 1 P 11
L 8.5399903000 2.645 8.5499871000 2.6549968 1 P 11
L 8.5399903000 2.7049806000 8.5199968000 2.7049806000 1 P 11
L 8.5449806 3.2600000000 8.5649741 3.2600000000 1 P 11
L 8.5499871000 2.6549968 8.5499871000 2.6949838 1 P 11
L 8.5499871000 2.6949838 8.5399903000 2.7049806000 1 P 11
L 8.5499903000 2.9600000000 8.5599871 2.9699968 1 P 11
L 8.5549774 3.2600000000 8.5549774 3.3199806 1 P 11
L 8.5549774 3.3199806 8.5449806 3.3099838000 1 P 11
L 8.5599871 2.9699968 8.5599871 3.0199806000 1 P 11
L 8.5649741 3.2600000000 8.5549774 3.2600000000 1 P 11
L 8.5699806000 2.645 8.5899741000 2.645 1 P 11
L 8.5799774 2.645 8.5799774 2.7049806000 1 P 11
L 8.5799774 2.7049806000 8.5699806000 2.6949838 1 P 11
L 8.5799806 3.0099838 8.5899774 3.0199806000 1 P 11
L 8.5899741000 2.645 8.5799774 2.645 1 P 11
L 8.5899774 2.9600000000 8.5799806 2.9699968 1 P 11
L 8.5899774 3.0199806000 8.6099709 3.0199806000 1 P 11
L 8.5999741 2.9899903 8.6099709 2.9899903 1 P 11
L 8.6099709 2.9600000000 8.5899774 2.9600000000 1 P 11
L 8.6099709 2.9899903 8.5999741 2.9899903 1 P 11
L 8.6099709 2.9899903 8.6199677 2.9799935000 1 P 11
L 8.6099709 3.0199806000 8.6199677 3.0099838 1 P 11
L 8.6199677 2.9699968 8.6099709 2.9600000000 1 P 11
L 8.6199677 2.9799935000 8.6199677 2.9699968 1 P 11
L 8.6199677 2.9999871000 8.6099709 2.9899903 1 P 11
L 8.6199677 3.0099838 8.6199677 2.9999871000 1 P 11
L 8.625 3.25 8.625 3.33 1 P 11
L 8.625 3.29 8.6550000000 3.29 1 P 11
L 8.72 2.1299968000 8.7299968 2.12 1 P 11
L 8.72 2.1799806000 8.72 2.1299968000 1 P 11
L 8.7299968 2.12 8.7499903 2.12 1 P 11
L 8.7350194 1.62 8.7350194 1.6599871000 1 P 11
L 8.7350194 1.6399935 8.7950000000 1.6399935 1 P 11
L 8.7350194 1.6599871000 8.7350194 1.6399935 1 P 11
L 8.7350194 1.6799806000 8.7350194 1.7099709 1 P 11
L 8.7350194 1.7099709 8.7450162 1.7199677000 1 P 11
L 8.7350194 1.7699515000 8.7650097 1.7399612000 1 P 11
L 8.7350194 1.8099386000 8.7350194 1.8299321000 1 P 11
L 8.7350194 1.8299321000 8.7450162 1.8399289 1 P 11
L 8.7350194 1.8599224 8.7650097 1.8599224 1 P 11
L 8.7350194 1.8999095000 8.7350194 1.8599224 1 P 11
L 8.7350194 1.9598901000 8.7450162 1.9398965000 1 P 11
L 8.7450162 1.7199677000 8.7650097 1.7199677000 1 P 11
L 8.7450162 1.7999418 8.7350194 1.8099386000 1 P 11
L 8.7450162 1.8399289 8.7850032 1.8399289 1 P 11
L 8.7450162 1.9398965000 8.7650097 1.9199030000 1 P 11
L 8.7499903 2.12 8.7599871 2.1299968000 1 P 11
L 8.75 2.4800000000 8.7800000000 2.4800000000 1 P 11
L 8.7550129 1.8799159 8.7550129 1.8899127 1 P 11
L 8.7550129 1.8899127 8.7650097 1.8999095000 1 P 11
L 8.7599871 2.1299968000 8.7599871 2.1799806000 1 P 11
L 8.7650097 1.7199677000 8.7750065000 1.7099709 1 P 11
L 8.7650097 1.7399612000 8.7650097 1.7799483 1 P 11
L 8.7650097 1.8599224 8.7550129 1.8799159 1 P 11
L 8.7650097 1.8999095000 8.7850032 1.8999095000 1 P 11
L 8.7650097 1.9199030000 8.7850032 1.9199030000 1 P 11
L 8.7650097 1.9498933 8.7650097 1.9199030000 1 P 11
L 8.7750065000 1.7099709 8.7750065000 1.6799806000 1 P 11
L 8.7750065000 1.9598901000 8.7650097 1.9498933 1 P 11
L 8.7799806 2.12 8.8199677000 2.1599871000 1 P 11
L 8.7800000000 2.4400000000 8.7800000000 2.52 1 P 11
L 8.7800000000 2.4400000000 9 2.4400000000 1 P 11
L 8.7800000000 2.52 9 2.52 1 P 11
L 8.7850032 1.7999418 8.7450162 1.7999418 1 P 11
L 8.7850032 1.8399289 8.7950000000 1.8299321000 1 P 11
L 8.7850032 1.8999095000 8.7950000000 1.8899127 1 P 11
L 8.7850032 1.9199030000 8.7950000000 1.9298998 1 P 11
L 8.7850032 1.9598901000 8.7750065000 1.9598901000 1 P 11
L 8.7899774000 2.1799806000 8.7799806 2.1699838000 1 P 11
L 8.7950000000 1.6799806000 8.7350194 1.6799806000 1 P 11
L 8.7950000000 1.7699515000 8.7350194 1.7699515000 1 P 11
L 8.7950000000 1.8099386000 8.7850032 1.7999418 1 P 11
L 8.7950000000 1.8299321000 8.7950000000 1.8099386000 1 P 11
L 8.7950000000 1.8699192 8.7850032 1.8599224 1 P 11
L 8.7950000000 1.8899127 8.7950000000 1.8699192 1 P 11
L 8.7950000000 1.9298998 8.7950000000 1.9498933 1 P 11
L 8.7950000000 1.9498933 8.7850032 1.9598901000 1 P 11
L 8.8099709000 2.1799806000 8.7899774000 2.1799806000 1 P 11
L 8.8150000000 2.45 8.8150000000 2.5099806 1 P 11
L 8.8150000000 2.5099806 8.8449903000 2.5099806 1 P 11
L 8.8199677000 2.12 8.7799806 2.12 1 P 11
L 8.8199677000 2.1599871000 8.8199677000 2.1699838000 1 P 11
L 8.8199677000 2.1699838000 8.8099709000 2.1799806000 1 P 11
L 8.8349935000 2.4699935 8.8549871 2.45 1 P 11
L 8.835 2.81 8.8649903 2.81 1 P 11
L 8.835 2.8399903 8.8649903 2.8399903 1 P 11
L 8.835 2.8699806000 8.835 2.81 1 P 11
L 8.8449903000 2.4699935 8.8150000000 2.4699935 1 P 11
L 8.8449903000 2.5099806 8.8549871 2.4999838000 1 P 11
L 8.8549871 2.4799903000 8.8449903000 2.4699935 1 P 11
L 8.8549871 2.4999838000 8.8549871 2.4799903000 1 P 11
L 8.8649903 2.81 8.8749871 2.8199968 1 P 11
L 8.8649903 2.8399903 8.835 2.8399903 1 P 11
L 8.8649903 2.8399903 8.8749871 2.8499871000 1 P 11
L 8.8649903 2.8699806000 8.835 2.8699806000 1 P 11
L 8.8749806 2.45 8.8949741 2.45 1 P 11
L 8.8749871 2.8199968 8.8749871 2.8299935 1 P 11
L 8.8749871 2.8299935 8.8649903 2.8399903 1 P 11
L 8.8749871 2.8499871000 8.8749871 2.8599838 1 P 11
L 8.8749871 2.8599838 8.8649903 2.8699806000 1 P 11
L 8.8849774 2.45 8.8849774 2.5099806 1 P 11
L 8.8849774 2.5099806 8.8749806 2.4999838000 1 P 11
L 8.8949741 2.45 8.8849774 2.45 1 P 11
L 8.8949806 2.81 8.9149741 2.81 1 P 11
L 8.9049774000 2.81 8.9049774000 2.8699806000 1 P 11
L 8.9049774000 2.8699806000 8.8949806 2.8599838 1 P 11
L 8.9149741 2.81 8.9049774000 2.81 1 P 11
L 8.9150000000 3.1 8.9150000000 3.3000000000 1 P 11
L 8.9150000000 3.1 9.015 3.1 1 P 11
L 8.9150000000 3.3000000000 9.015 3.3000000000 1 P 11
L 8.9200000000 3.3350000000 8.9200000000 3.3649903 1 P 11
L 8.9200000000 3.3649903 8.9599871000 3.3649903 1 P 11
L 8.9200000000 3.3949806000 8.9200000000 3.3350000000 1 P 11
L 8.9249644 2.4999838000 8.9349612 2.5099806 1 P 11
L 8.9349612 2.45 8.9249644 2.4599968000 1 P 11
L 8.9349612 2.5099806 8.9549547 2.5099806 1 P 11
L 8.9449579 2.4799903000 8.9549547 2.4799903000 1 P 11
L 8.9549547 2.45 8.9349612 2.45 1 P 11
L 8.9549547 2.4799903000 8.9449579 2.4799903000 1 P 11
L 8.9549547 2.4799903000 8.9649515000 2.4699935 1 P 11
L 8.9549547 2.5099806 8.9649515000 2.4999838000 1 P 11
L 8.9599871000 3.3649903 8.9599871000 3.3949806000 1 P 11
L 8.9599871000 3.3949806000 8.9599871000 3.3350000000 1 P 11
L 8.9649515000 2.4599968000 8.9549547 2.45 1 P 11
L 8.9649515000 2.4699935 8.9649515000 2.4599968000 1 P 11
L 8.9649515000 2.4899871 8.9549547 2.4799903000 1 P 11
L 8.9649515000 2.4999838000 8.9649515000 2.4899871 1 P 11
L 8.9799806000 3.3350000000 8.9999741000 3.3350000000 1 P 11
L 8.9899774 3.3350000000 8.9899774 3.3949806000 1 P 11
L 8.9899774 3.3949806000 8.9799806000 3.3849838 1 P 11
L 8.9999741000 3.3350000000 8.9899774 3.3350000000 1 P 11
L 9 2.4400000000 9 2.52 1 P 11
L 9 2.4800000000 9.0300000000 2.4800000000 1 P 11
L 9.015 3.1 9.015 3.3000000000 1 P 11
L 9.1700000000 1.2950000000 9.1700000000 2.27 1 P 11
