
#
#Feature symbol names
#
$0 r40
$1 r30
$2 r28

#
#Layer features
#
P 6.125 1.475 0 P 9502 0
P 6.125 1.5750000000 0 P 9502 0
P 6.125 1.675 0 P 9502 0
P 6.1300000000 1.28 0 P 9502 0
P 6.23 1.28 0 P 9502 0
P 6.2550000000 1.3900000000 0 P 9502 0
P 6.2550000000 1.79 0 P 9502 0
P 6.3900000000 1.28 0 P 9502 0
P 6.3900000000 1.475 0 P 9502 0
P 6.3900000000 1.5750000000 0 P 9502 0
P 6.3900000000 1.675 0 P 9502 0
P 6.4250000000 2.035 0 P 9502 0
P 6.4250000000 2.1350000000 0 P 9502 0
P 6.44 2.2800000000 0 P 9502 0
P 6.44 2.68 0 P 9502 0
P 6.49 1.28 0 P 9502 0
P 6.525 1.385 0 P 9502 0
P 6.525 1.7850000000 0 P 9502 0
P 6.5450000000 2.035 0 P 9502 0
P 6.5450000000 2.1350000000 0 P 9502 0
P 6.5450000000 2.2800000000 0 P 9502 0
P 6.5450000000 2.68 0 P 9502 0
P 6.65 1.28 0 P 9502 0
P 6.655 1.475 0 P 9502 0
P 6.655 1.5750000000 0 P 9502 0
P 6.655 1.675 0 P 9502 0
P 6.6700000000 2.04 0 P 9502 0
P 6.6700000000 2.4400000000 0 P 9502 0
P 6.6850000000 2.595 0 P 9502 0
P 6.6850000000 2.6950000000 0 P 9502 0
P 6.75 1.28 0 P 9502 0
P 6.78 2.04 0 P 9502 0
P 6.78 2.4400000000 0 P 9502 0
P 6.785 1.385 0 P 9502 0
P 6.785 1.7850000000 0 P 9502 0
P 6.8050000000 2.595 0 P 9502 0
P 6.8050000000 2.6950000000 0 P 9502 0
P 6.915 1.2850000000 0 P 9502 0
P 6.9300000000 1.4700000000 0 P 9502 0
P 6.9300000000 1.57 0 P 9502 0
P 6.9300000000 1.6700000000 0 P 9502 0
P 6.9350000000 2.0500000000 0 P 9502 0
P 6.9350000000 2.2750000000 0 P 9502 0
P 6.9350000000 2.4800000000 0 P 9502 0
P 6.9350000000 2.6950000000 0 P 9502 0
P 7.0150000000 1.2850000000 0 P 9502 0
P 7.035 2.0500000000 0 P 9502 0
P 7.035 2.2750000000 0 P 9502 0
P 7.035 2.4800000000 0 P 9502 0
P 7.035 2.6950000000 0 P 9502 0
P 7.04 2.8800000000 0 P 9502 0
P 7.04 3.08 0 P 9502 0
P 7.04 3.2800000000 0 P 9502 0
P 7.0450000000 1.385 0 P 9502 0
P 7.0450000000 1.7850000000 0 P 9502 0
P 7.1450000000 1.425 0 P 9502 0
P 7.25 1.75 0 P 9502 0
P 7.25 1.85 0 P 9502 0
P 7.25 1.9500000000 0 P 9502 0
P 7.25 2.0500000000 0 P 9502 0
P 7.25 2.1500000000 0 P 9502 0
P 7.25 2.25 0 P 9502 0
P 7.25 2.35 0 P 9502 0
P 7.25 2.45 0 P 9502 0
P 7.25 2.5500000000 0 P 9502 0
P 7.25 2.6500000000 0 P 9502 0
P 7.25 2.75 0 P 9502 0
P 7.25 2.85 0 P 9502 0
P 7.25 2.95 0 P 9502 0
P 7.25 3.0500000000 0 P 9502 0
P 7.25 3.1500000000 0 P 9502 0
P 7.5450000000 1.425 0 P 9502 0
P 7.655 1.3550000000 0 P 9502 0
P 7.7550000000 1.3550000000 0 P 9502 0
P 7.87 1.32 0 P 9502 0
P 7.9 1.4300000000 0 P 9502 0
P 8.15 1.75 0 P 9502 0
P 8.15 1.85 0 P 9502 0
P 8.15 1.9500000000 0 P 9502 0
P 8.15 2.0500000000 0 P 9502 0
P 8.15 2.1500000000 0 P 9502 0
P 8.15 2.25 0 P 9502 0
P 8.15 2.35 0 P 9502 0
P 8.15 2.45 0 P 9502 0
P 8.15 2.5500000000 0 P 9502 0
P 8.15 2.6500000000 0 P 9502 0
P 8.15 2.75 0 P 9502 0
P 8.15 2.85 0 P 9502 0
P 8.15 2.95 0 P 9502 0
P 8.15 3.0500000000 0 P 9502 0
P 8.15 3.1500000000 0 P 9502 0
P 8.2700000000 1.32 0 P 9502 0
P 8.3 1.4300000000 0 P 9502 0
P 8.3150000000 3.29 0 P 9502 0
P 8.3250000000 2.645 0 P 9502 0
P 8.3250000000 2.745 0 P 9502 0
P 8.3250000000 2.8600000000 0 P 9502 0
P 8.3250000000 2.9600000000 0 P 9502 0
P 8.345 3.115 0 P 9502 0
P 8.4200000000 1.3450000000 1 P 9501 0
P 8.4200000000 2.22 1 P 9501 0
P 8.445 3.115 0 P 9502 0
P 8.4750000000 2.395 0 P 9502 0
P 8.4750000000 2.495 0 P 9502 0
P 8.4750000000 2.595 0 P 9502 0
P 8.49 2.75 0 P 9502 0
P 8.49 2.85 0 P 9502 0
P 8.49 2.95 0 P 9502 0
P 8.5450000000 2.22 1 P 9501 0
P 8.6900000000 2.4800000000 0 P 9502 0
P 8.7150000000 3.29 0 P 9502 0
P 8.8700000000 2.705 0 P 9502 0
P 8.8700000000 2.955 0 P 9502 0
P 8.9650000000 3.1500000000 0 P 9502 0
P 8.9650000000 3.25 0 P 9502 0
P 8.97 2.22 1 P 9501 0
P 9.0900000000 2.4800000000 0 P 9502 0
P 9.095 1.3450000000 1 P 9501 0
P 9.095 2.22 1 P 9501 0
P 6.1400000000 1.8800000000 2 P 9500 0
